n = 12;
P = [30.000000,27.000000,0.000000,0.000000,53.000000,66.000000,0.000000,0.000000,98.000000,0.000000,72.000000,0.000000,];
