n = 10;
P = [7.000000,67.000000,0.000000,0.000000,67.000000,0.000000,0.000000,0.000000,98.000000,2.000000,];
