n = 10;
P = [0.000000,51.000000,57.000000,33.000000,0.000000,87.000000,0.000000,35.000000,84.000000,10.000000,];
